[[1, 946684802], [1, 946684803], [1, 946684804], [1, 946684805], [1, 946684806], [1, 946684807], [1, 946684808], [1, 946684809], [1, 946684810], [1, 946684811]]
[[2, 946684802], [2, 946684803], [2, 946684804], [2, 946684805], [2, 946684806], [2, 946684807], [2, 946684808], [2, 946684809], [2, 946684810], [2, 946684811]]
[[3, 946684802], [3, 946684803], [3, 946684804], [3, 946684805], [3, 946684806], [3, 946684807], [3, 946684808], [3, 946684809], [3, 946684810], [3, 946684811]]
[[4, 946684802], [4, 946684803], [4, 946684804], [4, 946684805], [4, 946684806], [4, 946684807], [4, 946684808], [4, 946684809], [4, 946684810], [4, 946684811]]
[[5, 946684802], [5, 946684803], [5, 946684804], [5, 946684805], [5, 946684806], [5, 946684807], [5, 946684808], [5, 946684809], [5, 946684810], [5, 946684811]]
[[6, 946684802], [6, 946684803], [6, 946684804], [6, 946684805], [6, 946684806], [6, 946684807], [6, 946684808], [6, 946684809], [6, 946684810], [6, 946684811]]
[[7, 946684802], [7, 946684803], [7, 946684804], [7, 946684805], [7, 946684806], [7, 946684807], [7, 946684808], [7, 946684809], [7, 946684810], [7, 946684811]]
[[8, 946684802], [8, 946684803], [8, 946684804], [8, 946684805], [8, 946684806], [8, 946684807], [8, 946684808], [8, 946684809], [8, 946684810], [8, 946684811]]
[[9, 946684802], [9, 946684803], [9, 946684804], [9, 946684805], [9, 946684806], [9, 946684807], [9, 946684808], [9, 946684809], [9, 946684810], [9, 946684811]]
[[10, 946684802], [10, 946684803], [10, 946684804], [10, 946684805], [10, 946684806], [10, 946684807], [10, 946684808], [10, 946684809], [10, 946684810], [10, 946684811]]
